[299.05370384 282.67977843 319.2761055  272.40879741 288.56315193
 293.92072317 312.81508206 306.3472825  288.56162222 302.26262896
 289.79646845 306.43709528 292.81138765 300.97807055 297.68020371
 303.4120381  315.45853822 297.46466288 311.84025614 294.21479707
 289.87091048 300.98608281 323.82597579 297.40649955 305.03007453
 298.36198811 302.46671417 308.93598671 302.0890394  288.47716518
 307.15501553 317.16497894 293.32267854 299.6182264  292.30259373
 284.39125836 298.29811721 296.07376601 298.45908875 285.56928491
 289.75991457 279.95792168 290.64286268 302.46301457 296.97567158
 282.58578863 281.22289526 310.30103428 298.55745048 298.26386044
 295.94023072 311.95421774 289.90133997 299.2771829  302.97607938
 301.04349725 305.90288683 295.871909   287.15279812 287.83262696
 280.83848783 297.01498291 306.30389963 302.29551429 304.33723357
 316.25111569 297.92820851 312.21033228 298.12447051 298.95148664
 296.6898982  300.83670909 292.00805179 295.57467477 309.34179994
 286.08328888 307.88855658 308.57671826 316.96398616 291.41822045
 284.69114135 286.73845187 304.73894509 295.89791251 311.55752998
 303.31055423 293.02775892 295.10188847 297.7887705  311.52243868
 301.36273593 301.93306704 298.65297158 313.14498876 297.61461634
 305.91923269 312.0896842  300.81894384 309.48281629 291.65587991
 291.91241024 290.14264334 315.49749431 274.22980447 285.53562192
 330.18140997 299.30611279 292.25425693 296.89702918 303.48981282
 283.76907479 285.74561547 301.58735213 294.48400899 287.86388327
 296.95064642 297.43281549 305.75973309 304.97495287 302.8311583
 289.79669483 300.91976476 296.36995073 288.31718792 309.00950576
 310.6651539  294.72903565 295.23313045 306.49545693 293.03595381
 293.5006542  284.17311815 287.82477857 301.32942627 290.22903733
 297.10712816 309.59844513 309.93797309 309.31934323 309.9127695
 286.20785891 309.42955936 297.73619155 300.88418453 295.44170461
 305.97759586 307.67147187 292.9732878  299.25861225 294.12876845
 311.37400226 309.5850013  287.24323824 299.12387552 296.93236165
 299.97079233 307.61094716 298.07009796 302.48972439 309.01323217
 288.15200754 296.18492978 306.55515361 285.13585823 300.97653355
 306.54548965 283.36987695 294.69174315 293.95327752 299.05420373
 287.79709669 293.68110317 294.03674683 328.4085513  290.86826177
 318.7944716  342.16420672 296.699881   293.8957298  297.37739166
 320.9296649  314.12419167 330.68849928 331.7426879  302.0410419
 298.02037738 299.62003158 282.21930769 306.99861904 295.90375441
 294.02618289 297.22553907 317.98603024 290.27684795 304.80185401
 294.41456595 312.71435281 306.14462553 282.69956178 290.03698093
 289.2377287  308.30111282 321.59711344 307.76165378 308.00721983
 299.26184802 300.06600051 299.84657127 299.50532511 292.01551464
 308.34301108 293.97016222 305.67595282 316.65987385 295.39934411
 315.792974   284.97923461 288.92905073 308.21873799 310.72544908
 313.37582845 282.5879862  286.35121307 270.83492893 294.43753145
 300.55913111 319.35285757 301.72352703 296.32174088 291.69921456
 322.47311091 296.93531612 273.50068387 305.44054287 293.91703236
 283.57254974 296.30978736 304.5663443  294.98467052 311.0508514
 288.64036442 301.48293339 304.19700571 277.06385019 302.35888916
 324.52005325 296.71607938 300.24768795 304.85525598 309.56674983
 297.48795078 292.85886322 280.68176909 304.74073518 311.23934581
 296.72466542 296.27664601 298.83789067 281.77191389 305.95391568
 297.80203748 308.31961471 300.64373778 299.7699455  290.65544258
 310.67819441 297.39838441 315.83806664 314.53579501 309.73476025
 310.39694173 292.65014048 301.0996941  312.29817272 299.67216485
 282.41791611 301.09886112 289.36398314 313.93663565 314.37821272
 307.77844124 306.67285888 291.72286967 304.01291433 312.57753315
 299.35983551 298.66038979 312.28417832 285.4558729  295.24401325
 294.00366447 299.41598716 311.21417118 291.84891897 320.24089218
 296.54648802 307.13111981 294.56822644 296.45702829 317.46073212
 286.81978165 282.98172422 295.26060908 292.60326522 299.13734269
 292.28624904 283.87836026 300.6021026  302.39890224 296.81253658
 297.80166935 282.24452267 318.52145941 316.61271575 280.4898771
 310.41317955 292.37472289 290.39268603 310.14159605 290.02599459
 300.63505919 307.65427444 309.76472891 289.07581305 309.43711801
 298.2641836  312.59360576 313.3903183  302.07887301 290.2139098
 301.59878641 299.91099018 296.13127219 289.32588102 309.54062193
 301.93398184 314.18566066 292.97972783 307.36972458 299.21395351
 296.32636423 304.72822944 306.81148355 304.08520174 285.76122307
 276.28062717 305.95545216 301.63852537 305.46599    313.26642906
 296.93585177 296.11705953 304.56839832 294.14222421 289.23991767
 284.04797539 284.03472165 297.02304722 280.97138767 299.5297811
 274.12324796 286.17954091 300.41973935 286.58768784 308.85634353
 292.60371858 287.13958707 302.09849644 304.03926664 323.28972193
 311.38536015 327.38605729 286.77619424 321.23828904 292.91743284
 293.07675553 307.113247   283.68122095 306.42923941 289.13899738
 299.65160536 298.44241488 290.77481631 296.61112172 311.98083338
 286.97509299 296.02349391 280.50841928 298.2823217  314.23443127
 305.98706172 311.2458689  298.28955818 314.77764038 310.25098878
 304.86989627 272.76824367 291.71669078 286.77346843 308.09135585
 310.82939219 309.72290474 292.00867228 313.24399158 294.72890748
 292.77877173 280.35645824 311.67265748 312.06119944 304.08529618
 298.07834945 297.67487427 305.02085431 288.81188478 313.12061801
 305.22049702 297.29303941 284.78319945 310.69003854 301.50520373
 287.91831675 303.87202209 293.2885845  300.11737316 310.52086175
 305.63107195 309.13916845 307.08483371 305.78762789 317.60157787
 298.58582606 301.74674443 287.5571401  303.66079747 283.61144654
 307.27640038 309.00686181 312.87784863 317.08694852 305.11606504
 306.31038935 289.77746925 307.12323236 321.0528543  316.41907696
 311.50562552 290.74831297 264.87231775 302.21834042 305.61371192
 304.69842221 291.08912172 295.34489634 295.10825551 282.54354802
 299.82027589 282.07989551 284.01037801 322.19938933 302.73439453
 296.46247961 305.09405304 301.62661874 309.95581938 291.38194244
 306.76503363 322.56001675 293.47973445 303.85405327 318.61854595
 291.05846228 293.32105583 296.82859611 278.15605056 317.0331987
 291.37107947 321.32370711 286.27756187 297.34832658 275.79276601
 314.9662073  275.73815904 303.91706391 313.0336942  289.76625605
 280.07967472 292.75270612 289.23672963 302.99417015 321.01397797
 303.2526007  305.63278002 298.89249317 309.56399434 297.36355245
 313.43635713 298.76982209 295.38907763 288.11091843 291.00340012]
